h0 =10; a =0.25; x0=2; b=4; y0=_1



